   1.0000000e+00   1.5000000e+03
   1.1002278e+00   1.5000000e+03
   1.2004556e+00   1.5000000e+03
   1.3006834e+00   1.5000000e+03
   1.4009112e+00   1.5000000e+03
   1.5011390e+00   1.5000000e+03
   1.6013667e+00   1.5000000e+03
   1.7015945e+00   1.5000000e+03
   1.8018223e+00   1.5000000e+03
   1.9020501e+00   1.5000000e+03
   2.0022779e+00   1.5000000e+03
   2.1025057e+00   1.5000000e+03
   2.2027335e+00   1.5000000e+03
   2.3029613e+00   1.5000000e+03
   2.4031891e+00   1.5000000e+03
   2.5034169e+00   1.5000000e+03
   2.6036446e+00   1.5000000e+03
   2.7038724e+00   1.5000000e+03
   2.8041002e+00   1.5000000e+03
   2.9043280e+00   1.5000000e+03
   3.0045558e+00   1.5000000e+03
   3.1047836e+00   1.5000000e+03
   3.2050114e+00   1.5000000e+03
   3.3052392e+00   1.5000000e+03
   3.4054670e+00   1.5000000e+03
   3.5056948e+00   1.5000000e+03
   3.6059226e+00   1.5000000e+03
   3.7061503e+00   1.5000000e+03
   3.8063781e+00   1.5000000e+03
   3.9066059e+00   1.5000000e+03
   4.0068337e+00   1.5000000e+03
   4.1070615e+00   1.5000000e+03
   4.2072893e+00   1.5000000e+03
   4.3075171e+00   1.5000000e+03
   4.4077449e+00   1.5000000e+03
   4.5079727e+00   1.5000000e+03
   4.6082005e+00   1.5000000e+03
   4.7084282e+00   1.5000000e+03
   4.8086560e+00   1.5000000e+03
   4.9088838e+00   1.5000000e+03
   5.0091116e+00   1.5000000e+03
   5.1093394e+00   1.5000000e+03
   5.2095672e+00   1.5000000e+03
   5.3097950e+00   1.5000000e+03
   5.4100228e+00   1.5000000e+03
   5.5102506e+00   1.5000000e+03
   5.6104784e+00   1.5000000e+03
   5.7107062e+00   1.5000000e+03
   5.8109339e+00   1.5000000e+03
   5.9111617e+00   1.5000000e+03
   6.0113895e+00   1.5000000e+03
   6.1116173e+00   1.5000000e+03
   6.2118451e+00   1.5000000e+03
   6.3120729e+00   1.5000000e+03
   6.4123007e+00   1.5000000e+03
   6.5125285e+00   1.5000000e+03
   6.6127563e+00   1.5000000e+03
   6.7129841e+00   1.5000000e+03
   6.8132118e+00   1.5000000e+03
   6.9134396e+00   1.5000000e+03
   7.0136674e+00   1.5000000e+03
   7.1138952e+00   1.5000000e+03
   7.2141230e+00   1.5000000e+03
   7.3143508e+00   1.5000000e+03
   7.4145786e+00   1.5000000e+03
   7.5148064e+00   1.5000000e+03
   7.6150342e+00   1.5000000e+03
   7.7152620e+00   1.5000000e+03
   7.8154897e+00   1.5000000e+03
   7.9157175e+00   1.5000000e+03
   8.0159453e+00   1.5000000e+03
   8.1161731e+00   1.5000000e+03
   8.2164009e+00   1.5000000e+03
   8.3166287e+00   1.5000000e+03
   8.4168565e+00   1.5000000e+03
   8.5170843e+00   1.5000000e+03
   8.6173121e+00   1.5000000e+03
   8.7175399e+00   1.5000000e+03
   8.8177677e+00   1.5000000e+03
   8.9179954e+00   1.5000000e+03
   9.0182232e+00   1.5000000e+03
   9.1184510e+00   1.5000000e+03
   9.2186788e+00   1.5000000e+03
   9.3189066e+00   1.5000000e+03
   9.4191344e+00   1.5000000e+03
   9.5193622e+00   1.5000000e+03
   9.6195900e+00   1.5000000e+03
   9.7198178e+00   1.5000000e+03
   9.8200456e+00   1.5000000e+03
   9.9202733e+00   1.5000000e+03
   1.0020501e+01   1.5000000e+03
   1.0120729e+01   1.5000000e+03
   1.0220957e+01   1.5000000e+03
   1.0321185e+01   1.5000000e+03
   1.0421412e+01   1.5000000e+03
   1.0521640e+01   1.5000000e+03
   1.0621868e+01   1.5000000e+03
   1.0722096e+01   1.5000000e+03
   1.0822323e+01   1.5000000e+03
   1.0922551e+01   1.5000000e+03
   1.1022779e+01   1.5000000e+03
   1.1123007e+01   1.5000000e+03
   1.1223235e+01   1.5000000e+03
   1.1323462e+01   1.5000000e+03
   1.1423690e+01   1.5000000e+03
   1.1523918e+01   1.5000000e+03
   1.1624146e+01   1.5000000e+03
   1.1724374e+01   1.5000000e+03
   1.1824601e+01   1.5000000e+03
   1.1924829e+01   1.5000000e+03
   1.2025057e+01   1.5000000e+03
   1.2125285e+01   1.5000000e+03
   1.2225513e+01   1.5000000e+03
   1.2325740e+01   1.5000000e+03
   1.2425968e+01   1.5000000e+03
   1.2526196e+01   1.5000000e+03
   1.2626424e+01   1.5000000e+03
   1.2726651e+01   1.5000000e+03
   1.2826879e+01   1.5000000e+03
   1.2927107e+01   1.5000000e+03
   1.3027335e+01   1.5000000e+03
   1.3127563e+01   1.5000000e+03
   1.3227790e+01   1.5000000e+03
   1.3328018e+01   1.5000000e+03
   1.3428246e+01   1.5000000e+03
   1.3528474e+01   1.5000000e+03
   1.3628702e+01   1.5000000e+03
   1.3728929e+01   1.5000000e+03
   1.3829157e+01   1.5000000e+03
   1.3929385e+01   1.5000000e+03
   1.4029613e+01   1.5000000e+03
   1.4129841e+01   1.5000000e+03
   1.4230068e+01   1.5000000e+03
   1.4330296e+01   1.5000000e+03
   1.4430524e+01   1.5000000e+03
   1.4530752e+01   1.5000000e+03
   1.4630979e+01   1.5000000e+03
   1.4731207e+01   1.5000000e+03
   1.4831435e+01   1.5000000e+03
   1.4931663e+01   1.5000000e+03
   1.5031891e+01   1.5000000e+03
   1.5132118e+01   1.5000000e+03
   1.5232346e+01   1.5000000e+03
   1.5332574e+01   1.5000000e+03
   1.5432802e+01   1.5000000e+03
   1.5533030e+01   1.5000000e+03
   1.5633257e+01   1.5000000e+03
   1.5733485e+01   1.5000000e+03
   1.5833713e+01   1.5000000e+03
   1.5933941e+01   1.5000000e+03
   1.6034169e+01   1.5000000e+03
   1.6134396e+01   1.5000000e+03
   1.6234624e+01   1.5000000e+03
   1.6334852e+01   1.5000000e+03
   1.6435080e+01   1.5000000e+03
   1.6535308e+01   1.5000000e+03
   1.6635535e+01   1.5000000e+03
   1.6735763e+01   1.5000000e+03
   1.6835991e+01   1.5000000e+03
   1.6936219e+01   1.5000000e+03
   1.7036446e+01   1.5000000e+03
   1.7136674e+01   1.5000000e+03
   1.7236902e+01   1.5000000e+03
   1.7337130e+01   1.5000000e+03
   1.7437358e+01   1.5000000e+03
   1.7537585e+01   1.5000000e+03
   1.7637813e+01   1.5000000e+03
   1.7738041e+01   1.5000000e+03
   1.7838269e+01   1.5000000e+03
   1.7938497e+01   1.5000000e+03
   1.8038724e+01   1.5000000e+03
   1.8138952e+01   1.5000000e+03
   1.8239180e+01   1.5000000e+03
   1.8339408e+01   1.5000000e+03
   1.8439636e+01   1.5000000e+03
   1.8539863e+01   1.5000000e+03
   1.8640091e+01   1.5000000e+03
   1.8740319e+01   1.5000000e+03
   1.8840547e+01   1.5000000e+03
   1.8940774e+01   1.5000000e+03
   1.9041002e+01   1.5000000e+03
   1.9141230e+01   1.5000000e+03
   1.9241458e+01   1.5000000e+03
   1.9341686e+01   1.5000000e+03
   1.9441913e+01   1.5000000e+03
   1.9542141e+01   1.5000000e+03
   1.9642369e+01   1.5000000e+03
   1.9742597e+01   1.5000000e+03
   1.9842825e+01   1.5000000e+03
   1.9943052e+01   1.5000000e+03
   2.0043280e+01   1.5000000e+03
   2.0143508e+01   1.5000000e+03
   2.0243736e+01   1.5000000e+03
   2.0343964e+01   1.5000000e+03
   2.0444191e+01   1.5000000e+03
   2.0544419e+01   1.5000000e+03
   2.0644647e+01   1.5000000e+03
   2.0744875e+01   1.5000000e+03
   2.0845103e+01   1.5000000e+03
   2.0945330e+01   1.5000000e+03
   2.1045558e+01   1.5000000e+03
   2.1145786e+01   1.5000000e+03
   2.1246014e+01   1.5000000e+03
   2.1346241e+01   1.5000000e+03
   2.1446469e+01   1.5000000e+03
   2.1546697e+01   1.5000000e+03
   2.1646925e+01   1.5000000e+03
   2.1747153e+01   1.5000000e+03
   2.1847380e+01   1.5000000e+03
   2.1947608e+01   1.5000000e+03
   2.2047836e+01   1.5000000e+03
   2.2148064e+01   1.5000000e+03
   2.2248292e+01   1.5000000e+03
   2.2348519e+01   1.5000000e+03
   2.2448747e+01   1.5000000e+03
   2.2548975e+01   1.5000000e+03
   2.2649203e+01   1.5000000e+03
   2.2749431e+01   1.5000000e+03
   2.2849658e+01   1.5000000e+03
   2.2949886e+01   1.5000000e+03
   2.3050114e+01   1.5000000e+03
   2.3150342e+01   1.5000000e+03
   2.3250569e+01   1.5000000e+03
   2.3350797e+01   1.5000000e+03
   2.3451025e+01   1.5000000e+03
   2.3551253e+01   1.5000000e+03
   2.3651481e+01   1.5000000e+03
   2.3751708e+01   1.5000000e+03
   2.3851936e+01   1.5000000e+03
   2.3952164e+01   1.5000000e+03
   2.4052392e+01   1.5000000e+03
   2.4152620e+01   1.5000000e+03
   2.4252847e+01   1.5000000e+03
   2.4353075e+01   1.5000000e+03
   2.4453303e+01   1.5000000e+03
   2.4553531e+01   1.5000000e+03
   2.4653759e+01   1.5000000e+03
   2.4753986e+01   1.5000000e+03
   2.4854214e+01   1.5000000e+03
   2.4954442e+01   1.5000000e+03
   2.5054670e+01   1.5000000e+03
   2.5154897e+01   1.5000000e+03
   2.5255125e+01   1.5000000e+03
   2.5355353e+01   1.5000000e+03
   2.5455581e+01   1.5000000e+03
   2.5555809e+01   1.5000000e+03
   2.5656036e+01   1.5000000e+03
   2.5756264e+01   1.5000000e+03
   2.5856492e+01   1.5000000e+03
   2.5956720e+01   1.5000000e+03
   2.6056948e+01   1.5000000e+03
   2.6157175e+01   1.5000000e+03
   2.6257403e+01   1.5000000e+03
   2.6357631e+01   1.5000000e+03
   2.6457859e+01   1.5000000e+03
   2.6558087e+01   1.5000000e+03
   2.6658314e+01   1.5000000e+03
   2.6758542e+01   1.5000000e+03
   2.6858770e+01   1.5000000e+03
   2.6958998e+01   1.5000000e+03
   2.7059226e+01   1.5000000e+03
   2.7159453e+01   1.5000000e+03
   2.7259681e+01   1.5000000e+03
   2.7359909e+01   1.5000000e+03
   2.7460137e+01   1.5000000e+03
   2.7560364e+01   1.5000000e+03
   2.7660592e+01   1.5000000e+03
   2.7760820e+01   1.5000000e+03
   2.7861048e+01   1.5000000e+03
   2.7961276e+01   1.5000000e+03
   2.8061503e+01   1.5000000e+03
   2.8161731e+01   1.5000000e+03
   2.8261959e+01   1.5000000e+03
   2.8362187e+01   1.5000000e+03
   2.8462415e+01   1.5000000e+03
   2.8562642e+01   1.5000000e+03
   2.8662870e+01   1.5000000e+03
   2.8763098e+01   1.5000000e+03
   2.8863326e+01   1.5000000e+03
   2.8963554e+01   1.5000000e+03
   2.9063781e+01   1.5000000e+03
   2.9164009e+01   1.5000000e+03
   2.9264237e+01   1.5000000e+03
   2.9364465e+01   1.5000000e+03
   2.9464692e+01   1.5000000e+03
   2.9564920e+01   1.5000000e+03
   2.9665148e+01   1.5000000e+03
   2.9765376e+01   1.5000000e+03
   2.9865604e+01   1.5000000e+03
   2.9965831e+01   1.5000000e+03
   3.0066059e+01   1.5000000e+03
   3.0166287e+01   1.5000000e+03
   3.0266515e+01   1.5000000e+03
   3.0366743e+01   1.5000000e+03
   3.0466970e+01   1.5000000e+03
   3.0567198e+01   1.5000000e+03
   3.0667426e+01   1.5000000e+03
   3.0767654e+01   1.5000000e+03
   3.0867882e+01   1.5000000e+03
   3.0968109e+01   1.5000000e+03
   3.1068337e+01   1.5000000e+03
   3.1168565e+01   1.5000000e+03
   3.1268793e+01   1.5000000e+03
   3.1369021e+01   1.5000000e+03
   3.1469248e+01   1.5000000e+03
   3.1569476e+01   1.5000000e+03
   3.1669704e+01   1.5000000e+03
   3.1769932e+01   1.5000000e+03
   3.1870159e+01   1.5000000e+03
   3.1970387e+01   1.5000000e+03
   3.2070615e+01   1.5000000e+03
   3.2170843e+01   1.5000000e+03
   3.2271071e+01   1.5000000e+03
   3.2371298e+01   1.5000000e+03
   3.2471526e+01   1.5000000e+03
   3.2571754e+01   1.5000000e+03
   3.2671982e+01   1.5000000e+03
   3.2772210e+01   1.5000000e+03
   3.2872437e+01   1.5000000e+03
   3.2972665e+01   1.5000000e+03
   3.3072893e+01   1.5000000e+03
   3.3173121e+01   1.5000000e+03
   3.3273349e+01   1.5000000e+03
   3.3373576e+01   1.5000000e+03
   3.3473804e+01   1.5000000e+03
   3.3574032e+01   1.5000000e+03
   3.3674260e+01   1.5000000e+03
   3.3774487e+01   1.5000000e+03
   3.3874715e+01   1.5000000e+03
   3.3974943e+01   1.5000000e+03
   3.4075171e+01   1.5000000e+03
   3.4175399e+01   1.5000000e+03
   3.4275626e+01   1.5000000e+03
   3.4375854e+01   1.5000000e+03
   3.4476082e+01   1.5000000e+03
   3.4576310e+01   1.5000000e+03
   3.4676538e+01   1.5000000e+03
   3.4776765e+01   1.5000000e+03
   3.4876993e+01   1.5000000e+03
   3.4977221e+01   1.5000000e+03
   3.5077449e+01   1.5000000e+03
   3.5177677e+01   1.5000000e+03
   3.5277904e+01   1.5000000e+03
   3.5378132e+01   1.5000000e+03
   3.5478360e+01   1.5000000e+03
   3.5578588e+01   1.5000000e+03
   3.5678815e+01   1.5000000e+03
   3.5779043e+01   1.5000000e+03
   3.5879271e+01   1.5000000e+03
   3.5979499e+01   1.5000000e+03
   3.6079727e+01   1.5000000e+03
   3.6179954e+01   1.5000000e+03
   3.6280182e+01   1.5000000e+03
   3.6380410e+01   1.5000000e+03
   3.6480638e+01   1.5000000e+03
   3.6580866e+01   1.5000000e+03
   3.6681093e+01   1.5000000e+03
   3.6781321e+01   1.5000000e+03
   3.6881549e+01   1.5000000e+03
   3.6981777e+01   1.5000000e+03
   3.7082005e+01   1.5000000e+03
   3.7182232e+01   1.5000000e+03
   3.7282460e+01   1.5000000e+03
   3.7382688e+01   1.5000000e+03
   3.7482916e+01   1.5000000e+03
   3.7583144e+01   1.5000000e+03
   3.7683371e+01   1.5000000e+03
   3.7783599e+01   1.5000000e+03
   3.7883827e+01   1.5000000e+03
   3.7984055e+01   1.5000000e+03
   3.8084282e+01   1.5000000e+03
   3.8184510e+01   1.5000000e+03
   3.8284738e+01   1.5000000e+03
   3.8384966e+01   1.5000000e+03
   3.8485194e+01   1.5000000e+03
   3.8585421e+01   1.5000000e+03
   3.8685649e+01   1.5000000e+03
   3.8785877e+01   1.5000000e+03
   3.8886105e+01   1.5000000e+03
   3.8986333e+01   1.5000000e+03
   3.9086560e+01   1.5000000e+03
   3.9186788e+01   1.5000000e+03
   3.9287016e+01   1.5000000e+03
   3.9387244e+01   1.5000000e+03
   3.9487472e+01   1.5000000e+03
   3.9587699e+01   1.5000000e+03
   3.9687927e+01   1.5000000e+03
   3.9788155e+01   1.5000000e+03
   3.9888383e+01   1.5000000e+03
   3.9988610e+01   1.5000000e+03
   4.0088838e+01   1.5000000e+03
   4.0189066e+01   1.5000000e+03
   4.0289294e+01   1.5000000e+03
   4.0389522e+01   1.5000000e+03
   4.0489749e+01   1.5000000e+03
   4.0589977e+01   1.5000000e+03
   4.0690205e+01   1.5000000e+03
   4.0790433e+01   1.5000000e+03
   4.0890661e+01   1.5000000e+03
   4.0990888e+01   1.5000000e+03
   4.1091116e+01   1.5000000e+03
   4.1191344e+01   1.5000000e+03
   4.1291572e+01   1.5000000e+03
   4.1391800e+01   1.5000000e+03
   4.1492027e+01   1.5000000e+03
   4.1592255e+01   1.5000000e+03
   4.1692483e+01   1.5000000e+03
   4.1792711e+01   1.5000000e+03
   4.1892938e+01   1.5000000e+03
   4.1993166e+01   1.5000000e+03
   4.2093394e+01   1.5000000e+03
   4.2193622e+01   1.5000000e+03
   4.2293850e+01   1.5000000e+03
   4.2394077e+01   1.5000000e+03
   4.2494305e+01   1.5000000e+03
   4.2594533e+01   1.5000000e+03
   4.2694761e+01   1.5000000e+03
   4.2794989e+01   1.5000000e+03
   4.2895216e+01   1.5000000e+03
   4.2995444e+01   1.5000000e+03
   4.3095672e+01   1.5000000e+03
   4.3195900e+01   1.5000000e+03
   4.3296128e+01   1.5000000e+03
   4.3396355e+01   1.5000000e+03
   4.3496583e+01   1.5000000e+03
   4.3596811e+01   1.5000000e+03
   4.3697039e+01   1.5000000e+03
   4.3797267e+01   1.5000000e+03
   4.3897494e+01   1.5000000e+03
   4.3997722e+01   1.5000000e+03
   4.4097950e+01   1.5000000e+03
   4.4198178e+01   1.5000000e+03
   4.4298405e+01   1.5000000e+03
   4.4398633e+01   1.5000000e+03
   4.4498861e+01   1.5000000e+03
   4.4599089e+01   1.5000000e+03
   4.4699317e+01   1.5000000e+03
   4.4799544e+01   1.5000000e+03
   4.4899772e+01   1.5000000e+03
   4.5000000e+01   1.5000000e+03
