     0.00000     0.00000
    0.01000  -4.612E-04
    0.02000    -0.00249
    0.03000    -0.00402
    0.04000    -0.00240
    0.05000     0.00101
    0.06000     0.00266
    0.07000     0.00206
    0.08000     0.00173
    0.09000     0.00225
    0.10000     0.00123
    0.11000    -0.00193
    0.12000    -0.00412
    0.13000    -0.00298
    0.14000  -4.971E-04
    0.15000   4.807E-04
    0.16000   6.200E-04
    0.17000     0.00205
    0.18000     0.00376
    0.19000     0.00277
    0.20000  -6.505E-04
    0.21000    -0.00294
    0.22000    -0.00249
    0.23000    -0.00156
    0.24000    -0.00176
    0.25000    -0.00127
    0.26000     0.00143
    0.27000     0.00402
    0.28000     0.00346
    0.29000   7.179E-04
    0.30000  -8.936E-04
    0.31000  -9.478E-04
    0.32000    -0.00173
    0.33000    -0.00335
    0.34000    -0.00299
    0.35000   1.920E-04
    0.36000     0.00304
    0.37000     0.00298
    0.38000     0.00158
    0.39000     0.00128
    0.40000     0.00113
    0.41000  -9.809E-04
    0.42000    -0.00376
    0.43000    -0.00384
    0.44000    -0.00109
    0.45000     0.00118
    0.46000     0.00139
    0.47000     0.00156
    0.48000     0.00286
    0.49000     0.00302
    0.50000   2.986E-04
    0.51000    -0.00295
    0.52000    -0.00344
    0.53000    -0.00178
    0.54000  -8.651E-04
    0.55000  -8.194E-04
    0.56000   6.459E-04
    0.57000     0.00336
    0.58000     0.00408
    0.59000     0.00155
    0.60000    -0.00129
    0.61000    -0.00189
    0.62000    -0.00158
    0.63000    -0.00237
    0.64000    -0.00287
    0.65000  -7.479E-04
    0.66000     0.00268
    0.67000     0.00382
    0.68000     0.00215
    0.69000   5.843E-04
    0.70000   3.865E-04
    0.71000  -4.758E-04
    0.72000    -0.00288
    0.73000    -0.00413
    0.74000    -0.00204
    0.75000     0.00122
    0.76000     0.00237
    0.77000     0.00178
    0.78000     0.00195
    0.79000     0.00256
    0.80000     0.00109
    0.81000    -0.00182
    0.82000    -0.00156
    0.83000     0.00141
    0.84000     0.00193
    0.85000  -9.058E-04
    0.86000    -0.00217
    0.87000   3.417E-04
    0.88000     0.00225
    0.89000   2.437E-04
    0.90000    -0.00219
    0.91000  -8.119E-04
    0.92000     0.00198
    0.93000     0.00133
    0.94000    -0.00164
    0.95000    -0.00175
    0.96000     0.00118
    0.97000     0.00206
    0.98000  -6.434E-04
    0.99000    -0.00223
    1.00000   6.131E-05
