    0.00000     0.00000
    0.01000  -2.342E-04
    0.02000    -0.00134
    0.03000    -0.00255
    0.04000    -0.00268
    0.05000    -0.00210
    0.06000    -0.00202
    0.07000    -0.00238
    0.08000    -0.00196
    0.09000  -5.708E-04
    0.10000   5.246E-04
    0.11000   7.043E-04
    0.12000   9.401E-04
    0.13000     0.00198
    0.14000     0.00294
    0.15000     0.00273
    0.16000     0.00193
    0.17000     0.00171
    0.18000     0.00188
    0.19000     0.00122
    0.20000  -2.769E-04
    0.21000    -0.00129
    0.22000    -0.00134
    0.23000    -0.00150
    0.24000    -0.00241
    0.25000    -0.00307
    0.26000    -0.00254
    0.27000    -0.00154
    0.28000    -0.00122
    0.29000    -0.00122
    0.30000  -3.801E-04
    0.31000     0.00112
    0.32000     0.00196
    0.33000     0.00183
    0.34000     0.00188
    0.35000     0.00261
    0.36000     0.00295
    0.37000     0.00211
    0.38000   9.540E-04
    0.39000   5.799E-04
    0.40000   4.797E-04
    0.41000  -4.546E-04
    0.42000    -0.00188
    0.43000    -0.00248
    0.44000    -0.00212
    0.45000    -0.00203
    0.46000    -0.00256
    0.47000    -0.00259
    0.48000    -0.00147
    0.49000  -2.393E-04
    0.50000   1.272E-04
    0.51000   2.708E-04
    0.52000     0.00123
    0.53000     0.00249
    0.54000     0.00278
    0.55000     0.00218
    0.56000     0.00194
    0.57000     0.00227
    0.58000     0.00202
    0.59000   6.973E-04
    0.60000  -5.492E-04
    0.61000  -8.413E-04
    0.62000  -9.557E-04
    0.63000    -0.00185
    0.64000    -0.00288
    0.65000    -0.00285
    0.66000    -0.00201
    0.67000    -0.00163
    0.68000    -0.00178
    0.69000    -0.00128
    0.70000   1.635E-04
    0.71000     0.00132
    0.72000     0.00146
    0.73000     0.00150
    0.74000     0.00228
    0.75000     0.00305
    0.76000     0.00267
    0.77000     0.00160
    0.78000     0.00111
    0.79000     0.00113
    0.80000   4.633E-04
    0.81000    -0.00101
    0.82000    -0.00201
    0.83000    -0.00195
    0.84000    -0.00186
    0.85000    -0.00248
    0.86000    -0.00294
    0.87000    -0.00223
    0.88000  -9.985E-04
    0.89000  -4.673E-04
    0.90000  -4.066E-04
    0.91000   3.591E-04
    0.92000     0.00178
    0.93000     0.00255
    0.94000     0.00224
    0.95000     0.00199
    0.96000     0.00243
    0.97000     0.00259
    0.98000     0.00161
    0.99000   2.691E-04
    1.00000  -2.507E-04
