    1.00000    -0.00241
    1.09750    -0.00241
    1.19500    -0.00242
    1.29250    -0.00242
    1.39000    -0.00242
    1.48750    -0.00242
    1.58500    -0.00242
    1.68250    -0.00242
    1.78000    -0.00242
    1.87750    -0.00243
    1.97500    -0.00243
    2.07250    -0.00243
    2.17000    -0.00243
    2.26750    -0.00243
    2.36500    -0.00244
    2.46250    -0.00244
    2.56000    -0.00244
    2.65750    -0.00244
    2.75500    -0.00244
    2.85250    -0.00245
    2.95000    -0.00245
    3.04750    -0.00245
    3.14500    -0.00246
    3.24250    -0.00246
    3.34000    -0.00246
    3.43750    -0.00246
    3.53500    -0.00247
    3.63250    -0.00247
    3.73000    -0.00247
    3.82750    -0.00248
    3.92500    -0.00248
    4.02250    -0.00249
    4.12000    -0.00249
    4.21750    -0.00249
    4.31500    -0.00250
    4.41250    -0.00250
    4.51000    -0.00251
    4.60750    -0.00251
    4.70500    -0.00252
    4.80250    -0.00252
    4.90000    -0.00252
    4.99750    -0.00253
    5.09500    -0.00253
    5.19250    -0.00254
    5.29000    -0.00255
    5.38750    -0.00255
    5.48500    -0.00256
    5.58250    -0.00256
    5.68000    -0.00257
    5.77750    -0.00257
    5.87500    -0.00258
    5.97250    -0.00259
    6.07000    -0.00259
    6.16750    -0.00260
    6.26500    -0.00260
    6.36250    -0.00261
    6.46000    -0.00262
    6.55750    -0.00262
    6.65500    -0.00263
    6.75250    -0.00264
    6.85000    -0.00265
    6.94750    -0.00265
    7.04500    -0.00266
    7.14250    -0.00267
    7.24000    -0.00268
    7.33750    -0.00269
    7.43500    -0.00269
    7.53250    -0.00270
    7.63000    -0.00271
    7.72750    -0.00272
    7.82500    -0.00273
    7.92250    -0.00274
    8.02000    -0.00275
    8.11750    -0.00276
    8.21500    -0.00277
    8.31250    -0.00278
    8.41000    -0.00279
    8.50750    -0.00280
    8.60500    -0.00281
    8.70250    -0.00282
    8.80000    -0.00283
    8.89750    -0.00284
    8.99500    -0.00285
    9.09250    -0.00286
    9.19000    -0.00287
    9.28750    -0.00289
    9.38500    -0.00290
    9.48250    -0.00291
    9.58000    -0.00292
    9.67750    -0.00293
    9.77500    -0.00295
    9.87250    -0.00296
    9.97000    -0.00297
   10.06750    -0.00299
   10.16500    -0.00300
   10.26250    -0.00302
   10.36000    -0.00303
   10.45750    -0.00305
   10.55500    -0.00306
   10.65250    -0.00308
   10.75000    -0.00309
   10.84750    -0.00311
   10.94500    -0.00313
   11.04250    -0.00314
   11.14000    -0.00316
   11.23750    -0.00318
   11.33500    -0.00319
   11.43250    -0.00321
   11.53000    -0.00323
   11.62750    -0.00325
   11.72500    -0.00327
   11.82250    -0.00329
   11.92000    -0.00331
   12.01750    -0.00333
   12.11500    -0.00335
   12.21250    -0.00337
   12.31000    -0.00339
   12.40750    -0.00342
   12.50500    -0.00344
   12.60250    -0.00346
   12.70000    -0.00349
   12.79750    -0.00351
   12.89500    -0.00354
   12.99250    -0.00356
   13.09000    -0.00359
   13.18750    -0.00361
   13.28500    -0.00364
   13.38250    -0.00367
   13.48000    -0.00370
   13.57750    -0.00373
   13.67500    -0.00376
   13.77250    -0.00379
   13.87000    -0.00382
   13.96750    -0.00385
   14.06500    -0.00389
   14.16250    -0.00392
   14.26000    -0.00395
   14.35750    -0.00399
   14.45500    -0.00403
   14.55250    -0.00406
   14.65000    -0.00410
   14.74750    -0.00414
   14.84500    -0.00419
   14.94250    -0.00423
   15.04000    -0.00427
   15.13750    -0.00432
   15.23500    -0.00437
   15.33250    -0.00442
   15.43000    -0.00447
   15.52750    -0.00453
   15.62500    -0.00459
   15.72250    -0.00465
   15.82000    -0.00473
   15.91750    -0.00483
   16.01500    -0.00500
   16.10072  -158620.32
   16.10234     0.00131
   16.11250    -0.00425
   16.17307   -5083146.
   16.17538    26.58221
   16.17611   6.311E-04
   16.17650     0.00000
   16.21000    -0.00458
   16.24091   609324.25
   16.24233     0.00132
   16.30750    -0.00462
   16.40500    -0.00483
   16.50250    -0.00495
   16.60000    -0.00505
   16.69750    -0.00514
   16.79500    -0.00523
   16.89250    -0.00533
   16.99000    -0.00543
   17.08750    -0.00555
   17.18500    -0.00569
   17.28250    -0.00588
   17.38000    -0.00621
   17.47750    -0.00770
   17.51981   96457301.
   17.53318   5.882E-04
   17.53455     0.00000
   17.57500    -0.00425
   17.67250    -0.00533
   17.77000    -0.00564
   17.86750    -0.00584
   17.96500    -0.00600
   18.06250    -0.00614
   18.16000    -0.00628
   18.25750    -0.00642
   18.35500    -0.00656
   18.45250    -0.00670
   18.55000    -0.00684
   18.64750    -0.00699
   18.74500    -0.00714
   18.84250    -0.00730
   18.94000    -0.00747
   19.03750    -0.00765
   19.13500    -0.00783
   19.23250    -0.00802
   19.33000    -0.00823
   19.42750    -0.00844
   19.52500    -0.00867
   19.62250    -0.00891
   19.72000    -0.00916
   19.81750    -0.00943
   19.91500    -0.00972
   20.01250    -0.01002
   20.11000    -0.01035
   20.20750    -0.01070
   20.30500    -0.01107
   20.40250    -0.01148
   20.50000    -0.01191
   20.59750    -0.01239
   20.69500    -0.01290
   20.79250    -0.01347
   20.89000    -0.01408
   20.98750    -0.01476
   21.08500    -0.01551
   21.18250    -0.01634
   21.28000    -0.01728
   21.37750    -0.01833
   21.47500    -0.01952
   21.57250    -0.02088
   21.67000    -0.02246
   21.76750    -0.02430
   21.86500    -0.02649
   21.96250    -0.02911
   22.06000    -0.03233
   22.15750    -0.03636
   22.25500    -0.04157
   22.35250    -0.04856
   22.45000    -0.05843
   22.54750    -0.07340
   22.64500    -0.09883
   22.74250    -0.15157
   22.84000    -0.32655
   22.92413   886476460
   22.93750     2.05035
   23.03500     0.24676
   23.13250     0.13102
   23.23000     0.08907
   23.32750     0.06740
   23.42500     0.05417
   23.52250     0.04525
   23.62000     0.03883
   23.71750     0.03399
   23.81500     0.03021
   23.91250     0.02717
   24.01000     0.02468
   24.10750     0.02260
   24.20500     0.02084
   24.30250     0.01932
   24.40000     0.01801
   24.49750     0.01686
   24.59500     0.01584
   24.69250     0.01494
   24.79000     0.01413
   24.88750     0.01340
   24.98500     0.01274
   25.08250     0.01214
   25.18000     0.01159
   25.27750     0.01109
   25.37500     0.01063
   25.47250     0.01020
   25.57000     0.00980
   25.66750     0.00944
   25.76500     0.00909
   25.86250     0.00878
   25.96000     0.00848
   26.05750     0.00820
   26.15500     0.00793
   26.25250     0.00769
   26.35000     0.00745
   26.44750     0.00723
   26.54500     0.00702
   26.64250     0.00682
   26.74000     0.00664
   26.83750     0.00646
   26.93500     0.00629
   27.03250     0.00613
   27.13000     0.00597
   27.22750     0.00583
   27.32500     0.00569
   27.42250     0.00555
   27.52000     0.00542
   27.61750     0.00530
   27.71500     0.00518
   27.81250     0.00507
   27.91000     0.00496
   28.00750     0.00486
   28.10500     0.00476
   28.20250     0.00466
   28.30000     0.00457
   28.39750     0.00447
   28.49500     0.00439
   28.59250     0.00430
   28.69000     0.00422
   28.78750     0.00414
   28.88500     0.00407
   28.98250     0.00400
   29.08000     0.00392
   29.17750     0.00386
   29.27500     0.00379
   29.37250     0.00372
   29.47000     0.00366
   29.56750     0.00360
   29.66500     0.00354
   29.76250     0.00348
   29.86000     0.00343
   29.95750     0.00337
   30.05500     0.00332
   30.15250     0.00327
   30.25000     0.00322
   30.34750     0.00317
   30.44500     0.00312
   30.54250     0.00308
   30.64000     0.00303
   30.73750     0.00299
   30.83500     0.00294
   30.93250     0.00290
   31.03000     0.00286
   31.12750     0.00282
   31.22500     0.00277
   31.32250     0.00273
   31.42000     0.00269
   31.51750     0.00265
   31.61500     0.00260
   31.71250     0.00255
   31.81000     0.00244
   31.86472     0.00138
   31.86840   -933884.5
   31.90352     0.00124
   31.90750    -0.00447
   31.90848   -407288.3
   32.00500     0.00260
   32.10250     0.00252
   32.20000     0.00247
   32.29750     0.00242
   32.39500     0.00237
   32.49250     0.00230
   32.59000     0.00192
   32.60067     1.61808
   32.60594   8.021E-04
   32.60809   4.587E-06
   32.61225   -767658.2
   32.68750     0.00245
   32.78500     0.00235
   32.88250     0.00230
   32.98000     0.00227
   33.07750     0.00223
   33.17500     0.00220
   33.27250     0.00218
   33.37000     0.00215
   33.46750     0.00212
   33.56500     0.00210
   33.66250     0.00207
   33.76000     0.00205
   33.85750     0.00202
   33.95500     0.00200
   34.05250     0.00197
   34.15000     0.00194
   34.24750     0.00191
   34.34500     0.00188
   34.44250     0.00183
   34.54000     0.00174
   34.62714     0.00101
   34.62714     0.00207
   34.63734     0.00000
   34.63750  -3.517E-05
   34.64614  15197268.1
   34.73500     0.00204
   34.83250     0.00193
   34.93000     0.00188
   35.02750     0.00185
   35.12500     0.00182
   35.22250     0.00180
   35.32000     0.00178
   35.41750     0.00176
   35.51500     0.00174
   35.61250     0.00172
   35.71000     0.00170
   35.80750     0.00168
   35.90500     0.00167
   36.00250     0.00165
   36.10000     0.00164
   36.19750     0.00162
   36.29500     0.00161
   36.39250     0.00159
   36.49000     0.00158
   36.58750     0.00156
   36.68500     0.00155
   36.78250     0.00153
   36.88000     0.00152
   36.97750     0.00151
   37.07500     0.00149
   37.17250     0.00148
   37.27000     0.00147
   37.36750     0.00146
   37.46500     0.00144
   37.56250     0.00143
   37.66000     0.00142
   37.75750     0.00141
   37.85500     0.00140
   37.95250     0.00139
   38.05000     0.00137
   38.14750     0.00136
   38.24500     0.00135
   38.34250     0.00134
   38.44000     0.00133
   38.53750     0.00132
   38.58226     0.00201
   38.58438     0.00131
   38.63500     0.00131
   38.73250     0.00130
   38.83000     0.00129
   38.92750     0.00128
   39.02500     0.00127
   39.12250     0.00126
   39.22000     0.00125
   39.31750     0.00124
   39.41500     0.00123
   39.51250     0.00122
   39.61000     0.00121
   39.70750     0.00120
   39.80500     0.00120
   39.90250     0.00119
   40.00000     0.00118
