    1.00000    -0.00241
    1.10000    -0.00241
    1.20000    -0.00242
    1.30000    -0.00242
    1.40000    -0.00242
    1.50000    -0.00242
    1.60000    -0.00242
    1.70000    -0.00242
    1.80000    -0.00242
    1.90000    -0.00243
    2.00000    -0.00243
    2.10000    -0.00243
    2.20000    -0.00243
    2.30000    -0.00243
    2.40000    -0.00244
    2.50000    -0.00244
    2.60000    -0.00244
    2.70000    -0.00244
    2.80000    -0.00245
    2.90000    -0.00245
    3.00000    -0.00245
    3.10000    -0.00245
    3.20000    -0.00246
    3.30000    -0.00246
    3.40000    -0.00246
    3.50000    -0.00247
    3.60000    -0.00247
    3.70000    -0.00247
    3.80000    -0.00248
    3.90000    -0.00248
    4.00000    -0.00248
    4.10000    -0.00249
    4.20000    -0.00249
    4.30000    -0.00250
    4.40000    -0.00250
    4.50000    -0.00251
    4.60000    -0.00251
    4.70000    -0.00252
    4.80000    -0.00252
    4.90000    -0.00252
    5.00000    -0.00253
    5.10000    -0.00253
    5.20000    -0.00254
    5.30000    -0.00255
    5.40000    -0.00255
    5.50000    -0.00256
    5.60000    -0.00256
    5.70000    -0.00257
    5.80000    -0.00257
    5.90000    -0.00258
    6.00000    -0.00259
    6.10000    -0.00259
    6.20000    -0.00260
    6.30000    -0.00261
    6.40000    -0.00261
    6.50000    -0.00262
    6.60000    -0.00263
    6.70000    -0.00263
    6.80000    -0.00264
    6.90000    -0.00265
    7.00000    -0.00266
    7.10000    -0.00267
    7.20000    -0.00267
    7.30000    -0.00268
    7.40000    -0.00269
    7.50000    -0.00270
    7.60000    -0.00271
    7.70000    -0.00272
    7.80000    -0.00273
    7.90000    -0.00274
    8.00000    -0.00274
    8.10000    -0.00275
    8.20000    -0.00276
    8.30000    -0.00277
    8.40000    -0.00278
    8.50000    -0.00279
    8.60000    -0.00281
    8.70000    -0.00282
    8.80000    -0.00283
    8.90000    -0.00284
    9.00000    -0.00285
    9.10000    -0.00286
    9.20000    -0.00287
    9.30000    -0.00289
    9.40000    -0.00290
    9.50000    -0.00291
    9.60000    -0.00292
    9.70000    -0.00294
    9.80000    -0.00295
    9.90000    -0.00296
   10.00000    -0.00298
   10.10000    -0.00299
   10.20000    -0.00301
   10.30000    -0.00302
   10.40000    -0.00304
   10.50000    -0.00305
   10.60000    -0.00307
   10.70000    -0.00308
   10.80000    -0.00310
   10.90000    -0.00312
   11.00000    -0.00313
   11.10000    -0.00315
   11.20000    -0.00317
   11.30000    -0.00319
   11.40000    -0.00321
   11.50000    -0.00323
   11.60000    -0.00324
   11.70000    -0.00326
   11.80000    -0.00328
   11.90000    -0.00330
   12.00000    -0.00333
   12.10000    -0.00335
   12.20000    -0.00337
   12.30000    -0.00339
   12.40000    -0.00341
   12.50000    -0.00344
   12.60000    -0.00346
   12.70000    -0.00349
   12.80000    -0.00351
   12.90000    -0.00354
   13.00000    -0.00356
   13.10000    -0.00359
   13.20000    -0.00362
   13.30000    -0.00364
   13.40000    -0.00367
   13.50000    -0.00370
   13.60000    -0.00373
   13.70000    -0.00376
   13.80000    -0.00379
   13.90000    -0.00383
   14.00000    -0.00386
   14.10000    -0.00389
   14.20000    -0.00393
   14.30000    -0.00397
   14.40000    -0.00400
   14.50000    -0.00404
   14.60000    -0.00408
   14.70000    -0.00412
   14.80000    -0.00416
   14.90000    -0.00420
   15.00000    -0.00425
   15.10000    -0.00430
   15.20000    -0.00434
   15.30000    -0.00439
   15.40000    -0.00445
   15.50000    -0.00450
   15.60000    -0.00456
   15.70000    -0.00462
   15.80000    -0.00470
   15.90000    -0.00479
   16.00000    -0.00494
   16.10000    -0.01929
   16.10072  -314730.16
   16.10234     0.00131
   16.17309   972820.67
   16.17538    -7.11559
   16.17611   6.311E-04
   16.17650     0.00000
   16.20000    -0.00432
   16.24092  -2500233.8
   16.24233     0.00132
   16.30000    -0.00457
   16.40000    -0.00480
   16.50000    -0.00491
   16.60000    -0.00501
   16.70000    -0.00509
   16.80000    -0.00518
   16.90000    -0.00526
   17.00000    -0.00535
   17.10000    -0.00543
   17.20000    -0.00552
   17.30000    -0.00561
   17.40000    -0.00571
   17.50000    -0.00580
   17.60000    -0.00591
   17.70000    -0.00601
   17.80000    -0.00612
   17.90000    -0.00624
   18.00000    -0.00636
   18.10000    -0.00649
   18.20000    -0.00663
   18.30000    -0.00678
   18.40000    -0.00694
   18.50000    -0.00711
   18.60000    -0.00730
   18.70000    -0.00752
   18.80000    -0.00777
   18.90000    -0.00810
   19.00000    -0.00860
   19.10000    -0.00967
   19.20000    -0.02279
   19.21478   74898786.
   19.24020   6.074E-04
   19.24211     0.00000
   19.30000    -0.00557
   19.40000    -0.00717
   19.50000    -0.00781
   19.60000    -0.00825
   19.70000    -0.00861
   19.80000    -0.00896
   19.90000    -0.00930
   20.00000    -0.00964
   20.10000    -0.01000
   20.20000    -0.01038
   20.30000    -0.01077
   20.40000    -0.01120
   20.50000    -0.01165
   20.60000    -0.01214
   20.70000    -0.01267
   20.80000    -0.01325
   20.90000    -0.01388
   21.00000    -0.01458
   21.10000    -0.01535
   21.20000    -0.01620
   21.30000    -0.01717
   21.40000    -0.01825
   21.50000    -0.01949
   21.60000    -0.02091
   21.70000    -0.02255
   21.80000    -0.02449
   21.90000    -0.02680
   22.00000    -0.02960
   22.10000    -0.03306
   22.20000    -0.03747
   22.30000    -0.04325
   22.40000    -0.05117
   22.50000    -0.06271
   22.60000    -0.08105
   22.70000    -0.11473
   22.80000    -0.19688
   22.90000    -0.70024
   22.93901   965956673
   23.00000     0.44691
   23.10000     0.16898
   23.20000     0.10403
   23.30000     0.07506
   23.40000     0.05866
   23.50000     0.04811
   23.60000     0.04075
   23.70000     0.03532
   23.80000     0.03116
   23.90000     0.02786
   24.00000     0.02518
   24.10000     0.02297
   24.20000     0.02110
   24.30000     0.01951
   24.40000     0.01814
   24.50000     0.01694
   24.60000     0.01589
   24.70000     0.01496
   24.80000     0.01413
   24.90000     0.01338
   25.00000     0.01270
   25.10000     0.01209
   25.20000     0.01153
   25.30000     0.01102
   25.40000     0.01055
   25.50000     0.01012
   25.60000     0.00972
   25.70000     0.00935
   25.80000     0.00901
   25.90000     0.00868
   26.00000     0.00838
   26.10000     0.00810
   26.20000     0.00784
   26.30000     0.00759
   26.40000     0.00736
   26.50000     0.00713
   26.60000     0.00693
   26.70000     0.00673
   26.80000     0.00654
   26.90000     0.00636
   27.00000     0.00619
   27.10000     0.00603
   27.20000     0.00588
   27.30000     0.00573
   27.40000     0.00559
   27.50000     0.00546
   27.60000     0.00533
   27.70000     0.00521
   27.80000     0.00509
   27.90000     0.00498
   28.00000     0.00487
   28.10000     0.00477
   28.20000     0.00467
   28.30000     0.00457
   28.40000     0.00448
   28.50000     0.00439
   28.60000     0.00430
   28.70000     0.00422
   28.80000     0.00414
   28.90000     0.00406
   29.00000     0.00399
   29.10000     0.00392
   29.20000     0.00385
   29.30000     0.00378
   29.40000     0.00371
   29.50000     0.00365
   29.60000     0.00359
   29.70000     0.00353
   29.80000     0.00347
   29.90000     0.00341
   30.00000     0.00336
